version https://git-lfs.github.com/spec/v1
oid sha256:917cf7654d4c9235d1e39220bed2590412025867394fe9b84602600140aae267
size 140001
