version https://git-lfs.github.com/spec/v1
oid sha256:7d8b30dcd833ff136c2e0bfd746703dce27d0abf2e6940cf63ae9bfb7d65c79e
size 125441
